8.00356  9.02123  -3.33264  
11.793  9.78125  
10.7072  9.564  
10.2584  8.76825  
10.4702  10.1788  
10.4207  10.2171  
11.8638  10.6133  
10.6863  10.4803  
11.158  10.1185  
11.0913  9.98466  
11.3576  10.7307  
10.3398  10.2078  
11.3544  9.84541  
10.0463  10.858  
10.3062  11.0538  
10.2594  11.3506  
9.28882  11.2012  
10.2307  10.4958  
10.1674  11.7343  
10.4312  10.4633  
9.76458  12.2801  
9.8045  10.9619  
9.22709  12.4499  
10.3022  11.7322  
8.67859  11.9531  
8.63004  11.2102  
9.10612  10.8899  
9.27906  11.5  
9.49686  12.3569  
8.77553  11.5813  
9.24432  11.2633  
7.21612  12.7503  
7.76942  11.4056  
7.01396  12.3229  
7.42279  12.8031  
6.92987  11.6039  
7.62542  11.2762  
7.3223  12.0739  
6.25526  12.2627  
6.68248  11.8389  
6.27618  10.9158  
7.38437  12.3607  
5.66366  12.4121  
6.70031  11.3709  
6.50636  10.5498  
7.07825  12.113  
5.41626  10.5491  
5.64961  10.7645  
5.17311  10.1618  
4.99094  10.1592  
5.60337  10.9797  
5.15126  11.7251  
5.71687  10.0129  
4.9059  9.71057  
5.12869  9.53719  
6.27606  9.60636  
4.65287  11.1372  
4.30224  10.88  
4.23211  10.0734  
6.04806  9.90525  
4.0588  9.82908  
4.86987  9.17727  
4.97351  8.95408  
5.93228  8.75755  
4.09776  8.14665  
4.98558  7.99285  
5.73636  9.56995  
4.35006  9.44473  
5.50632  8.43008  
4.22461  9.11619  
5.73139  8.81594  
5.16719  8.88515  
6.09049  7.76949  
5.87613  7.22713  
5.48881  7.60995  
6.19789  8.14487  
5.22192  6.5275  
5.40835  6.39099  
5.35852  7.38797  
5.70502  6.91717  
6.36555  6.83044  
6.9961  6.56944  
6.02218  6.58755  
6.90053  6.04517  
5.5449  7.06752  
6.02141  6.10012  
6.98205  7.1705  
6.44995  6.0015  
7.85835  6.38234  
7.55066  6.21941  
7.06558  7.09877  
6.96136  5.39553  
7.99153  5.19181  
6.86276  5.53846  
6.92624  6.8574  
7.49799  5.4807  
8.69484  5.67009  
7.93437  6.56619  
7.54434  5.9307  
8.07907  6.63467  
9.29989  6.24445  
7.94864  6.19354  
8.73198  5.32951  
8.173  6.88271  
10.2205  6.11473  
9.78446  6.18948  
9.6261  6.05992  
9.20219  6.3782  
9.44208  5.73397  
10.5291  5.71686  
9.18944  7.64696  
11.0479  5.91463  
11.0377  7.32041  
9.98295  7.82886  
10.7231  6.62329  
10.5354  7.41826  
9.6578  7.35016  
11.137  7.95385  
10.3557  7.04149  
9.96212  8.4565  
11.0342  7.06571  

